1000
12 85 59
19 61 77
93 62 100
45 58 69
87 66 72
94 29 22
15 72 4
74 86 76
38 96 19
65 77 76
40 79 88
72 36 27
2 64 93
14 98 61
66 25 14
85 7 21
53 52 65
18 75 8
3 89 85
65 18 82
38 6 39
39 43 22
70 59 36
47 92 81
90 48 65
48 64 69
83 45 78
93 68 55
28 53 36
62 17 79
82 2 69
74 77 38
60 57 42
25 24 95
30 25 5
48 46 58
17 79 13
54 93 10
100 91 95
75 52 73
21 81 30
1 87 71
33 69 55
65 70 12
57 53 73
95 85 81
44 26 6
63 39 40
28 14 70
44 65 58
39 81 80
61 95 87
38 18 100
91 77 4
7 79 5
34 9 32
84 69 3
35 9 73
48 77 79
41 32 82
75 76 37
0 55 55
80 53 38
13 63 44
59 8 29
4 62 87
37 24 17
31 30 58
43 54 4
66 90 100
74 32 16
83 41 63
100 61 33
16 97 9
20 46 23
23 8 13
50 27 13
60 81 24
97 69 86
16 54 82
87 21 91
85 12 5
18 22 25
99 95 91
62 86 17
18 57 73
79 87 63
15 70 53
25 43 87
63 43 23
91 83 54
100 33 89
52 71 59
33 61 4
88 98 52
12 55 55
97 76 47
29 23 13
14 19 22
78 92 39
31 9 97
61 11 30
55 94 47
90 47 68
8 2 87
72 84 72
78 21 43
76 84 67
54 98 4
61 53 3
12 83 57
1 87 21
44 31 91
42 7 15
56 84 29
33 29 79
16 86 48
93 92 92
84 90 1
57 28 81
79 26 26
57 75 37
36 69 53
36 98 30
40 32 40
79 7 62
43 41 16
92 7 98
81 64 70
87 37 36
20 41 6
90 69 60
28 100 1
34 98 65
100 47 93
13 55 55
25 2 9
20 60 5
31 40 41
100 28 10
66 22 24
87 78 17
8 92 17
43 44 59
8 61 3
15 81 30
98 23 27
20 24 95
47 2 34
40 9 35
77 83 58
82 94 57
25 65 34
53 89 74
46 18 82
37 17 62
67 73 45
29 11 42
1 23 28
77 41 62
79 20 6
68 94 26
98 22 42
85 70 9
70 25 2
32 68 96
83 39 80
37 54 52
26 63 84
23 66 83
68 13 87
14 59 83
77 18 99
50 95 41
34 66 96
5 5 86
35 72 76
17 53 33
41 48 10
15 48 19
62 46 1
7 21 17
83 77 15
24 89 95
61 6 25
29 25 59
15 19 12
61 9 64
5 47 9
86 89 75
91 96 80
32 81 7
14 89 2
78 3 72
4 11 83
34 44 71
65 46 89
100 87 47
44 71 96
35 64 17
46 100 56
0 44 99
55 55 17
100 84 72
73 66 59
7 84 93
32 15 55
87 37 94
19 78 93
84 1 80
31 43 35
81 16 88
99 77 4
6 27 73
26 20 90
69 18 21
85 13 84
38 4 1
70 29 55
17 17 24
24 1 68
23 76 96
7 29 92
12 100 82
90 63 36
93 61 47
20 14 88
58 63 62
33 58 9
25 69 7
97 88 98
4 86 31
2 67 55
67 23 25
35 35 60
21 80 63
99 92 73
75 9 23
100 39 9
68 88 23
9 67 98
82 79 96
67 53 15
15 12 1
95 21 59
28 11 21
58 36 22
41 88 72
11 10 80
13 9 61
37 2 41
43 86 20
56 83 72
49 43 41
16 86 46
79 37 2
0 20 21
74 83 52
25 25 97
0 27 62
84 40 70
84 79 64
96 100 18
97 14 17
40 58 61
2 57 53
82 87 30
56 35 42
42 12 84
71 28 4
61 58 61
3 75 98
51 32 31
24 64 84
36 4 21
93 8 68
82 89 7
33 20 79
69 62 92
32 46 61
90 67 82
59 43 87
43 47 33
68 55 29
53 48 15
100 91 42
4 8 40
6 90 7
53 66 72
22 20 89
75 36 52
88 17 100
58 16 65
42 63 85
33 17 14
80 5 56
1 45 6
52 23 15
16 74 2
41 26 27
93 62 88
25 47 39
19 77 72
3 38 18
78 84 95
1 42 57
17 2 33
73 91 41
3 82 67
44 88 41
70 91 100
13 64 42
86 67 92
98 100 65
95 11 94
55 37 9
71 59 9
37 3 58
45 54 78
73 44 1
31 9 91
35 87 31
87 57 12
96 31 25
90 93 62
82 42 37
25 74 22
35 29 87
98 6 75
54 6 54
33 70 76
55 48 15
16 58 27
82 19 81
28 74 83
51 52 94
92 67 54
69 91 72
83 62 4
47 68 48
93 28 75
51 57 31
7 56 41
33 60 68
81 53 85
18 89 10
38 91 22
85 67 94
53 70 66
77 23 24
52 56 84
73 7 6
55 98 32
97 83 99
73 29 39
49 48 55
16 53 10
63 97 5
53 85 73
13 9 38
48 19 14
75 2 67
79 6 30
69 26 21
6 90 18
47 12 95
97 48 53
28 12 87
69 11 77
20 28 98
78 12 26
41 5 75
45 94 28
67 43 20
6 53 79
88 40 84
77 83 32
94 30 5
15 14 85
5 20 37
87 20 40
50 82 26
60 24 94
23 68 11
10 22 75
10 28 72
76 58 19
46 100 80
76 85 40
97 81 53
36 93 63
46 60 37
14 72 37
42 91 58
65 77 35
22 14 70
1 55 20
91 54 60
63 75 34
33 12 86
77 89 75
21 99 3
59 19 85
86 54 55
74 35 78
32 60 75
93 91 57
18 61 15
84 58 8
35 8 16
0 99 43
36 65 62
84 79 48
95 33 26
21 57 20
63 4 15
27 5 38
28 13 37
12 98 95
67 45 84
32 14 83
78 28 15
63 53 74
67 83 21
30 41 28
34 44 91
47 88 70
74 76 22
92 33 47
4 64 60
4 80 61
67 88 33
37 26 33
89 74 71
68 82 88
70 88 73
2 98 62
5 19 45
54 12 86
54 47 14
98 42 24
98 28 93
3 22 39
55 58 79
31 80 31
90 76 61
80 78 67
21 1 14
81 45 30
34 26 6
66 16 67
100 27 67
49 35 2
45 3 87
88 7 40
62 24 38
6 10 20
57 66 7
59 72 79
52 90 42
5 77 3
95 59 36
83 27 46
92 100 81
13 78 5
55 99 81
82 65 54
46 74 16
73 35 23
79 88 11
2 77 57
44 95 98
17 32 44
1 13 64
38 18 74
88 27 3
52 79 95
57 41 42
21 88 44
66 17 16
55 36 81
87 63 13
16 43 68
72 96 80
14 81 78
49 37 81
100 89 79
41 54 55
29 21 13
53 97 9
75 56 53
19 53 6
91 5 25
16 12 2
43 97 35
88 58 41
15 27 85
38 68 94
98 13 29
39 5 87
95 92 84
63 18 95
51 39 32
36 32 85
94 6 97
25 54 15
68 76 65
60 68 69
2 59 23
0 2 42
80 33 25
49 2 81
63 5 13
82 47 30
23 35 44
100 1 1
57 64 92
35 45 55
82 24 95
17 37 79
56 82 23
49 11 58
57 48 78
14 30 25
24 26 19
91 48 60
30 94 18
30 15 68
25 43 2
59 75 32
34 99 40
67 54 42
11 69 57
2 100 54
17 55 29
23 7 3
19 67 40
59 96 91
81 4 75
17 24 45
22 34 52
85 96 27
11 45 47
55 82 21
37 87 64
57 87 8
77 67 94
91 25 16
52 69 42
52 27 3
26 92 27
24 57 9
30 57 67
73 81 29
31 11 98
63 73 6
59 89 41
28 89 30
49 60 88
38 13 25
99 60 89
55 83 24
74 92 31
43 99 74
51 9 46
0 92 67
7 72 10
1 7 59
45 70 62
75 46 17
94 11 37
79 6 20
33 84 61
31 90 6
42 62 90
29 94 95
70 35 42
83 88 33
5 4 81
71 76 48
42 33 8
61 55 7
39 62 18
46 26 68
89 11 13
71 75 75
22 64 65
38 42 11
79 48 76
26 26 94
60 2 68
51 61 55
73 60 73
86 82 81
59 30 95
29 72 80
42 33 100
87 5 14
75 91 13
8 100 13
67 3 26
15 40 98
43 19 26
72 83 63
19 15 33
45 61 96
64 76 28
80 25 64
39 62 100
21 89 97
61 85 22
92 4 28
16 96 54
86 92 88
86 98 75
50 22 86
7 55 85
75 96 31
73 93 3
0 32 79
100 23 20
4 42 74
10 32 14
16 58 42
75 18 61
25 60 20
80 46 30
81 58 33
64 38 29
26 54 1
36 64 15
62 48 83
74 27 60
38 8 35
93 94 28
65 39 45
0 34 29
93 5 46
36 61 83
9 67 78
8 20 80
71 8 8
47 39 84
15 81 62
70 15 34
54 72 3
20 98 70
10 9 17
85 9 98
21 66 14
53 100 79
1 81 66
57 27 68
1 22 6
7 62 58
62 67 78
25 55 35
3 83 27
92 31 9
23 65 87
77 91 2
59 82 94
96 33 27
16 20 69
41 67 73
27 23 13
13 66 1
93 85 66
98 87 25
57 38 52
8 87 8
18 56 55
37 21 1
95 88 7
48 69 67
34 27 91
29 37 5
38 27 52
52 33 14
62 59 95
58 58 81
34 64 3
13 64 55
96 74 56
64 81 11
40 5 31
52 37 89
84 38 75
1 97 39
83 98 82
55 12 25
66 92 12
100 45 18
52 68 11
98 80 87
50 22 39
39 85 37
6 74 68
56 57 34
19 57 99
25 23 43
10 33 33
52 27 39
51 16 84
67 19 16
65 83 43
78 53 78
13 15 91
16 48 34
35 57 4
53 80 34
85 71 33
75 31 59
31 86 25
38 2 57
95 85 18
54 8 62
40 67 34
68 23 92
17 73 94
49 32 95
61 65 100
64 96 55
88 93 40
49 73 97
69 96 3
100 35 40
13 28 46
61 63 52
14 84 31
88 98 54
96 28 17
99 99 99
55 93 15
1 69 27
27 86 68
89 8 11
53 22 1
81 3 94
28 43 83
55 3 20
86 41 9
14 33 90
21 94 36
1 90 31
38 20 36
16 46 80
34 68 35
41 20 71
58 27 76
72 69 8
47 74 14
19 23 85
28 62 38
27 61 19
92 55 47
100 26 16
50 45 96
84 5 4
26 91 40
74 3 72
44 35 57
31 15 100
85 85 34
40 87 59
74 9 58
34 29 37
67 68 52
81 64 71
15 100 82
28 58 46
97 70 4
0 30 70
71 83 38
0 20 25
98 83 39
100 6 31
81 8 37
8 88 1
65 19 26
30 9 85
54 99 95
75 68 11
70 67 75
31 8 81
4 38 5
55 68 37
53 3 4
91 2 12
83 83 38
71 86 34
52 96 17
16 79 40
80 60 28
57 58 89
75 40 70
52 22 97
79 8 72
37 29 63
1 28 70
43 89 76
30 61 23
13 98 74
96 80 66
23 24 41
68 88 5
72 73 82
75 18 15
47 53 21
97 10 17
93 24 72
97 44 60
10 5 43
44 60 67
99 8 69
10 55 4
46 54 18
23 89 93
45 39 5
75 12 4
46 4 73
55 65 61
63 42 23
29 35 24
4 90 64
55 84 13
13 47 81
80 94 17
17 78 67
10 34 82
36 87 6
4 1 83
77 21 90
0 10 42
0 53 42
59 46 2
35 62 33
42 65 78
77 31 9
30 83 16
8 7 32
43 72 63
46 83 61
38 86 11
59 78 24
50 58 100
50 96 59
42 25 39
91 10 57
57 14 13
97 61 94
2 47 93
40 76 92
92 40 17
84 75 56
61 88 67
100 6 94
6 57 10
69 96 28
54 18 72
78 71 68
100 89 76
79 29 41
23 58 58
55 82 52
7 95 21
87 37 39
12 7 78
93 40 71
85 86 56
23 3 100
96 10 58
10 33 21
28 44 77
57 76 70
31 11 66
37 87 8
12 72 15
95 24 55
31 83 25
32 71 93
46 69 58
68 6 13
56 1 93
84 24 17
2 42 20
49 86 5
28 88 81
66 43 12
18 75 3
79 91 11
91 2 11
82 20 52
33 55 85
5 95 26
34 59 57
95 29 87
11 92 53
18 69 54
0 15 62
35 81 8
11 5 82
91 35 47
53 61 85
64 16 62
74 98 45
91 9 77
87 93 35
54 28 31
54 86 32
93 21 57
72 9 77
90 16 86
5 100 52
83 56 97
74 13 7
85 85 71
90 37 82
42 73 40
22 2 57
48 16 37
80 74 70
57 59 38
65 69 32
62 46 8
85 2 99
6 23 99
20 94 40
51 65 58
25 85 66
100 66 13
67 77 35
11 72 92
19 80 12
84 63 23
82 47 46
82 56 91
39 68 89
89 42 1
7 52 70
71 35 27
23 34 79
14 60 30
46 38 10
51 26 61
98 55 70
95 22 15
4 47 1
77 88 1
6 54 76
16 81 80
78 100 69
96 2 72
14 65 87
19 87 86
42 13 34
87 63 16
6 54 76
90 77 46
91 86 32
91 41 56
38 100 15
5 21 40
56 91 37
39 5 38
58 20 22
8 13 21
52 79 8
77 97 48
57 26 71
57 92 78
82 97 70
32 74 85
1 73 59
61 34 14
54 69 77
20 39 43
65 88 97
69 25 52
48 39 20
34 16 89
67 56 15
45 12 15
23 7 57
26 7 46
13 35 36
74 29 63
31 3 8
30 17 52
74 24 4
67 43 16
1 54 73
56 30 6
93 81 97
84 98 55
74 35 91
52 58 41
25 40 82
56 43 8
85 55 91
